intrinsics:
    - [720, 0, 960]
    - [0, 720, 720]
    - [0, 0, 1]
extrinsics:
    - [-0.027, -1.0, 0.0, -0.156]
    - [-0.909, 0.024, -0.417, -1.801]
    - [0.416, -0.011, -0.909, 3.253]
    - [0.0, 0.0, 0.0, 1.0]
fov: 90.0
